1773930080.099017859 0.000000000 -0.000000000 -0.000000000 -0.000000000 0.000000000 -0.000000000 1.000000000
1773930080.198996782 0.488226358 0.019576615 -0.002250107 -0.000087409 0.000107363 0.000295156 0.999999947
1773930080.298977613 0.800578283 0.029503632 -0.000710659 -0.000083256 0.000161910 0.000654756 0.999999769
1773930080.399131298 1.284826284 0.053712909 0.000315996 0.000086005 0.000250797 0.000970556 0.999999494
1773930080.499122381 1.741294680 0.070704633 0.000300664 -0.000020117 0.000072416 0.001313816 0.999999134
1773930080.599096298 2.186911526 0.089945813 0.009071300 -0.000108235 0.000167602 0.001625106 0.999998660
1773930080.699094296 2.642284147 0.110494353 0.004574556 -0.000100420 0.000664141 0.001961391 0.999997851
1773930080.799078703 3.054789101 0.128724137 0.003527838 -0.000090103 0.000796006 0.002377127 0.999996854
1773930080.899057388 3.478021526 0.148464387 0.008411174 -0.000077140 0.000813078 0.002800348 0.999995745
1773930080.999052048 3.885663275 0.169176600 0.005657649 0.000092237 0.001149031 0.003253864 0.999994042
1773930081.099056005 4.277864730 0.179069416 0.006116249 0.000051776 0.001401665 0.003764326 0.999991931
1773930081.199225426 4.653431614 0.203169922 0.012606258 0.000150007 0.001643164 0.004130980 0.999990106
1773930081.299042463 5.037708563 0.223097580 0.006912387 0.000155143 0.001841595 0.004472888 0.999988289
1773930081.399026871 5.397644507 0.240073976 0.000625243 0.000105655 0.001660370 0.004897045 0.999986625
1773930081.498998165 5.741680826 0.257970533 0.012655065 0.000227215 0.001775327 0.005350470 0.999984084
1773930081.599001884 6.087775561 0.285151599 -0.003832409 0.000411780 0.001343087 0.005579945 0.999983445
1773930081.699006557 6.404784414 0.294999583 0.012209327 0.000504324 0.001246853 0.006009074 0.999981041
1773930081.799009562 6.725026791 0.311200562 0.001896503 0.000575513 0.000882430 0.006352911 0.999979265
1773930081.899018764 7.036624433 0.329502518 0.007463525 0.000505020 0.000759738 0.006714110 0.999977044
1773930081.999191523 7.334413388 0.349847662 -0.002044166 0.000477468 0.000398058 0.006978271 0.999975458
1773930082.099200726 7.633120925 0.365203723 0.008447181 0.000437172 0.000449186 0.007376099 0.999972600
1773930082.199163437 7.912683392 0.385077700 -0.002325638 0.000324190 0.000187870 0.007633681 0.999970793
1773930082.299168825 8.188246875 0.398872946 0.006867070 0.000279773 0.000154048 0.007994265 0.999967994
1773930082.399176121 8.458947190 0.416921539 -0.001147490 0.000204989 -0.000052160 0.008241874 0.999966013
1773930082.499166727 8.721835736 0.432384678 0.005724849 0.000240836 -0.000133050 0.008544931 0.999963454
1773930082.599143982 8.975145634 0.452380966 -0.001720582 0.000335118 -0.000367657 0.008748387 0.999961608
1773930082.699135780 9.218303552 0.462644817 0.007905144 0.000353763 -0.000351583 0.009080918 0.999958643
1773930082.799132347 9.460768555 0.478484280 -0.002145099 0.000369928 -0.000743230 0.009414348 0.999955339
1773930082.899124384 9.694443463 0.495868370 0.005631967 0.000154108 -0.000948258 0.009710484 0.999952391
1773930082.999096394 9.927319705 0.510875491 0.004709966 0.000002845 -0.001159996 0.010092240 0.999948399
1773930083.099101305 10.156438499 0.527666656 0.002219062 0.000203730 -0.001146721 0.010309148 0.999946181
1773930083.199084282 10.384018461 0.542577748 -0.002167703 0.000014190 -0.001421722 0.010617420 0.999942623
1773930083.299063206 10.612520458 0.554982052 0.006121619 -0.000006097 -0.001656398 0.010944221 0.999938738
1773930083.399051189 10.839867725 0.571570032 0.005399289 0.000045010 -0.002023522 0.011226508 0.999934932
1773930083.499044180 11.079028900 0.589587849 0.004590251 0.000180519 -0.002236489 0.011507581 0.999931268
1773930083.599027395 11.318124480 0.607564446 0.000970073 0.000197329 -0.002488785 0.011798747 0.999927276
1773930083.699021816 11.563492253 0.619293745 0.004642959 0.000012356 -0.002595560 0.012073138 0.999923748
1773930083.799004078 11.822716436 0.635757834 0.010285310 -0.000042306 -0.002848363 0.012407450 0.999918967
1773930083.898994923 12.084233674 0.658351296 0.008492028 -0.000005923 -0.002840125 0.012700426 0.999915313
1773930083.998978376 12.353027451 0.674304008 0.008686065 0.000083959 -0.002953470 0.013044275 0.999910554
1773930084.098973989 12.632286230 0.691426331 0.010148717 -0.000016374 -0.003024151 0.013384624 0.999905849
1773930084.199144125 12.921706489 0.708011533 0.009584111 -0.000174914 -0.003268547 0.013721574 0.999900497
1773930084.299142838 13.208669512 0.737860603 0.008076316 0.000010225 -0.003572317 0.014062591 0.999894735
1773930084.399145365 13.514090263 0.761021348 0.015283120 -0.000297809 -0.004014723 0.014434672 0.999887710
1773930084.499146938 13.826988073 0.787215404 0.015973487 -0.000112809 -0.004479134 0.014837942 0.999879873
1773930084.599140167 14.140084022 0.809510174 0.013338301 -0.000194127 -0.004535818 0.015206252 0.999874071
1773930084.699133396 14.471818947 0.829670231 0.017992878 -0.000576310 -0.004650068 0.015640112 0.999866707
1773930084.799125433 14.800424753 0.859910885 0.017892690 -0.000235552 -0.004828445 0.016079046 0.999859038
1773930084.899118185 15.316893566 0.893418299 0.025621033 -0.000112778 -0.005029140 0.016685614 0.999848131
1773930084.999117374 15.502901592 0.906414792 0.022685974 -0.000099669 -0.005079675 0.016922585 0.999843894
1773930085.099091053 15.861403577 0.938695530 0.025285829 -0.000054434 -0.005042629 0.017348029 0.999836794
1773930085.199068069 16.233192785 0.966774267 0.028531785 -0.000221920 -0.005039387 0.017756161 0.999829623
1773930085.299061060 16.616058764 0.995535193 0.035072583 -0.000700375 -0.004517964 0.018234964 0.999823276
1773930085.399065733 16.999731845 1.025151668 0.032196014 -0.001398651 -0.004303371 0.018743072 0.999814094
1773930085.499047756 17.391343585 1.069901175 0.034187559 -0.001392492 -0.004029573 0.019173048 0.999807090
1773930085.599024534 17.792923457 1.091537730 0.031267439 -0.001173463 -0.003921679 0.019763057 0.999796312
1773930085.699011326 18.196017452 1.129525264 0.031919922 -0.000976188 -0.003676814 0.020201788 0.999788686
1773930085.798998356 18.607894731 1.161430013 0.034481124 -0.001190894 -0.003530307 0.020724336 0.999778286
1773930085.898989201 19.032300710 1.196322325 0.041162938 -0.001519489 -0.003204037 0.021311830 0.999766588
1773930085.998996019 19.464400842 1.239591562 0.041151820 -0.001888692 -0.002937910 0.021786723 0.999756540
1773930086.098989964 19.898878106 1.273464707 0.045455617 -0.001893634 -0.003010159 0.022297393 0.999745057
1773930086.198987722 20.341905714 1.312765761 0.043540362 -0.001714832 -0.003208399 0.022884229 0.999731503
1773930086.298979998 20.785577346 1.348196820 0.050459767 -0.001559550 -0.003263342 0.023430204 0.999718932
1773930086.399153471 21.242630147 1.395860848 0.049168622 -0.001269593 -0.003337331 0.023949239 0.999706799
1773930086.499125004 21.709959282 1.438950865 0.048604085 -0.001071870 -0.003624154 0.024582622 0.999690658
1773930086.599113703 22.178198202 1.473900004 0.056082283 -0.001151406 -0.003830580 0.025087664 0.999677253
1773930086.699090481 22.655035887 1.528451227 0.059438859 -0.001009466 -0.003847202 0.025712092 0.999661477
1773930086.799087524 23.129264479 1.571204936 0.057583381 -0.001226138 -0.003688710 0.026244559 0.999647995
1773930086.899050713 23.622452567 1.615981357 0.065195705 -0.000840378 -0.003783920 0.026994127 0.999628077
1773930086.999047756 24.115803982 1.665865397 0.059867914 -0.000482228 -0.004110732 0.027601286 0.999610443
1773930087.099209309 24.631678431 1.717763217 0.073590378 -0.000441623 -0.004139017 0.028298313 0.999590856
1773930087.199191570 25.146879543 1.772528730 0.065191954 -0.000263106 -0.004207900 0.029060843 0.999568753
1773930087.299192429 25.672449232 1.826125790 0.070609497 -0.000678176 -0.003968046 0.029867870 0.999545749
1773930087.399177551 26.194901388 1.876819915 0.073472973 -0.000729549 -0.003929333 0.030687782 0.999521029
1773930087.499191523 26.735152586 1.939623138 0.073601246 -0.000156374 -0.003737267 0.031485210 0.999497219
1773930087.599001408 27.286063935 1.999321710 0.078766522 0.000291931 -0.004189470 0.032396419 0.999466275
1773930087.699018717 27.840402058 2.062087560 0.078921282 0.000496518 -0.004114108 0.033175474 0.999440951
1773930087.798991203 28.398478042 2.121000792 0.084840363 0.000113498 -0.004348975 0.034006185 0.999412154
1773930087.898975611 28.979801729 2.190477106 0.090644621 0.000320991 -0.004245476 0.034888172 0.999382153
1773930087.998965979 29.564126055 2.252574996 0.088412558 0.000276949 -0.004320541 0.035811956 0.999349168
1773930088.098968744 30.156105794 2.328903124 0.088704746 0.000731841 -0.004509471 0.036684074 0.999316470
1773930088.198950291 30.761178056 2.399557857 0.095555490 0.001158848 -0.004568322 0.037628923 0.999280667
1773930088.298928738 31.381428606 2.470431390 0.096957827 0.001122718 -0.004521771 0.038506516 0.999247488
1773930088.399079800 32.001935480 2.546968716 0.100679877 0.001096977 -0.004422908 0.039375966 0.999214075
1773930088.499073029 32.640628127 2.630137171 0.109008746 0.001191031 -0.004223155 0.040305733 0.999177759
1773930088.599074125 33.287865758 2.707872797 0.114615210 0.001057293 -0.004048206 0.041186709 0.999142707
1773930088.699047804 33.953497928 2.791105533 0.104599359 0.001405282 -0.003999424 0.042210895 0.999099730
1773930088.799046040 34.607187742 2.875368117 0.115763551 0.001254953 -0.003951888 0.043171277 0.999059082
1773930088.899049759 35.281396129 2.962252822 0.120204171 0.001184605 -0.003772324 0.044054209 0.999021318
1773930088.999027014 35.947683886 3.057023473 0.112917978 0.001546779 -0.003937048 0.044947341 0.998980402
1773930089.099200726 36.632959664 3.145672992 0.129615536 0.001552999 -0.003950563 0.046084995 0.998928503
1773930089.199197769 37.304145240 3.238580573 0.129003088 0.001972731 -0.003794649 0.046934655 0.998888806
1773930089.299195528 37.987076990 3.331975057 0.133962002 0.001562886 -0.003852625 0.047929943 0.998842047
1773930089.399334669 38.657919148 3.429609535 0.133037594 0.001544713 -0.004278468 0.048920447 0.998792320
1773930089.499171734 39.330531297 3.521254857 0.152372320 0.001708109 -0.004726420 0.049910923 0.998741029
1773930089.599173069 40.003402903 3.621639471 0.160203729 0.002666649 -0.004699287 0.050807999 0.998693823
1773930089.699175358 40.690613892 3.712450618 0.156833318 0.002912576 -0.004472924 0.051783175 0.998644087
1773930089.799149990 41.368740599 3.819018970 0.159428406 0.002124135 -0.004353228 0.052632061 0.998602225
1773930089.899147034 42.055334279 3.926567215 0.168312992 0.001530829 -0.004377883 0.053554355 0.998554166
1773930089.999119282 42.737260975 4.031883255 0.177177507 0.001941390 -0.004808825 0.054518718 0.998499282
1773930090.099118233 43.433567596 4.129841745 0.198757570 0.004278322 -0.004279780 0.055171824 0.998458537
1773930090.199109077 44.128380806 4.247135690 0.179404579 0.003540579 -0.003938444 0.055767949 0.998429712
1773930090.299104929 44.831955039 4.356567601 0.180820226 0.001787142 -0.002869846 0.056294378 0.998408490
1773930090.399076700 45.534028066 4.461615234 0.193175209 -0.000264377 -0.003630022 0.056992197 0.998367990
1773930090.499070644 46.232908519 4.565006660 0.195679501 0.002865826 -0.004201790 0.058248767 0.998289143
1773930090.599061489 46.934382706 4.703001860 0.212267893 0.002388112 -0.006448663 0.059067051 0.998230332
1773930090.699043036 47.656263650 4.817502705 0.207036375 0.001887943 -0.006697762 0.059626085 0.998196527
1773930090.799040079 48.389493028 4.929843496 0.246105744 0.000026173 -0.004954611 0.059992162 0.998186552
1773930090.899044514 49.140669054 5.048351957 0.180044623 0.000326207 -0.005153745 0.060636219 0.998146573
1773930090.999032974 49.870194197 5.179510247 0.244031681 -0.000591368 -0.004905951 0.061620072 0.998087445
1773930091.099041700 50.628419274 5.306841363 0.226317530 -0.000150291 -0.005202748 0.062653007 0.998021798
1773930091.199171782 51.394982155 5.441015801 0.228352367 -0.000705023 -0.005233740 0.063783017 0.997949817
1773930091.299029350 52.168344072 5.576071965 0.243636575 -0.001144748 -0.004714259 0.064803154 0.997886274
1773930091.399034500 52.959737177 5.713676585 0.241916848 -0.001360498 -0.004346782 0.065789690 0.997823116
1773930091.499013424 53.756810661 5.859204917 0.247269045 -0.001894255 -0.003852132 0.066797684 0.997757306
1773930091.598989248 54.574578052 6.002279615 0.244957257 -0.001776315 -0.003384787 0.067897714 0.997684964
1773930091.698992729 55.391136822 6.147652850 0.244964792 -0.001425711 -0.003461850 0.068888450 0.997617344
1773930091.798985481 56.220103719 6.301010056 0.253382415 -0.000950467 -0.003686787 0.069968273 0.997541951
1773930091.898976803 57.065434694 6.456485311 0.259716828 -0.000687478 -0.003823124 0.071031097 0.997466538
1773930091.998972893 57.922472054 6.614467232 0.262158682 -0.000512290 -0.003635486 0.072270819 0.997378288
1773930092.098959208 58.792955214 6.782018832 0.265874034 -0.000042597 -0.003102009 0.073411741 0.997296893
1773930092.199136019 59.672563378 6.948536951 0.264729857 0.000474901 -0.002815721 0.074515298 0.997215782
1773930092.299116850 60.569283943 7.122796503 0.273669382 0.000226664 -0.001921828 0.075627278 0.997134279
1773930092.399095058 61.477060076 7.296099328 0.261851131 0.000520885 -0.001160044 0.076739501 0.997050366
1773930092.499100447 62.394903648 7.480002319 0.259239920 0.000642621 -0.000612901 0.077911301 0.996959899
1773930092.599084139 63.316046709 7.673627225 0.269292984 -0.000181304 0.000183867 0.079091597 0.996867319
1773930092.699090242 64.246340216 7.867998517 0.254299729 -0.000368544 0.001007386 0.080141228 0.996782942
1773930092.799089432 65.171721388 8.056646112 0.247595633 -0.000377319 0.001106314 0.081041552 0.996710038
1773930092.899083376 66.086559481 8.248307053 0.245480577 -0.000696942 0.000505823 0.081953182 0.996635808
1773930092.999073029 67.012440608 8.440558179 0.256637041 -0.000766289 -0.000116633 0.082874741 0.996559670
1773930093.099083900 67.940043705 8.642822221 0.255716270 -0.000825748 0.000274924 0.083728956 0.996488186
1773930093.199071884 68.869846763 8.846706607 0.249914445 -0.001411180 0.000773295 0.084612950 0.996412595
1773930093.299058199 69.795803434 9.038562528 0.234215116 -0.000518267 0.000433486 0.085532240 0.996335174
1773930093.399050474 70.717487992 9.239642551 0.238171445 -0.000902653 -0.000513082 0.086498137 0.996251471
1773930093.499059916 71.645557840 9.452601951 0.247693368 -0.000857917 -0.002232875 0.087458909 0.996165256
1773930093.599032164 72.581446882 9.650744322 0.252087234 -0.000106055 -0.002781630 0.088561054 0.996066861
1773930093.699188471 73.499629686 9.870154621 0.261530782 -0.000055181 -0.003114614 0.089473783 0.995984306
1773930093.799168110 74.432985011 10.066809785 0.277010318 0.001243334 -0.002461076 0.090506313 0.995892065
1773930093.899161816 75.367175931 10.279395892 0.263470393 0.000430380 -0.001519023 0.091537627 0.995800367
1773930093.999153376 76.302303241 10.505723979 0.291682041 0.001647325 -0.000034679 0.092597528 0.995702256
1773930094.099143267 77.249866197 10.703603388 0.246482641 0.002489408 -0.000180391 0.093857710 0.995582493
1773930094.199149370 78.175968596 10.944481186 0.275461933 0.001834595 -0.000262456 0.094662579 0.995507690
1773930094.299114704 79.119052213 11.151102053 0.287316990 0.003466841 -0.000469852 0.095847570 0.995389875
1773930094.399125814 80.068989353 11.378114469 0.265006426 0.003081437 0.000379041 0.096879583 0.995291268
1773930094.499106169 80.997240580 11.613867464 0.287299601 0.003017375 0.001560755 0.097810706 0.995199239
1773930094.599094391 81.929177038 11.824649426 0.261670959 0.003622497 0.002043044 0.098888080 0.995089871
1773930094.699080467 82.884166601 12.072489424 0.284587679 0.002251486 0.002974503 0.099885223 0.994991973
1773930094.799075842 83.829999825 12.312799047 0.259771777 0.001962819 0.004491058 0.100830772 0.994891518
1773930094.899083376 84.766949453 12.538292201 0.238360347 0.001288884 0.004657829 0.101705695 0.994802792
1773930094.999095678 85.723110007 12.794974957 0.233535072 -0.000756375 0.003549534 0.102334820 0.994743391
1773930095.099054575 86.664216580 13.032402957 0.242777287 -0.001097483 0.002724826 0.103395753 0.994635958
1773930095.199036360 87.623131118 13.284254232 0.237814736 -0.001647876 0.003070626 0.104306437 0.994539101
1773930095.299161911 88.569177818 13.528523841 0.194239036 -0.003396746 0.003005280 0.105170517 0.994443861
1773930095.399015427 89.501612726 13.774513499 0.218997636 -0.002741367 0.002249871 0.105922625 0.994368051
1773930095.498998404 90.464803944 14.020460484 0.200614287 -0.002264408 0.000890012 0.106908610 0.994265875
1773930095.599164009 91.433929848 14.279588436 0.215024276 -0.002189806 -0.000045642 0.107773801 0.994173028
1773930095.699155331 92.379044283 14.524324967 0.209665382 -0.000934182 0.000270470 0.108879065 0.994054527
1773930095.799154520 93.344583360 14.781755198 0.198153749 0.000851221 0.000689690 0.109853684 0.993947166
1773930095.899156570 94.316898917 15.033825681 0.195298504 0.001464639 0.001184870 0.110801894 0.993840727
1773930095.999140501 95.282010632 15.284901874 0.181988564 0.002602553 0.001487254 0.111884919 0.993716650
1773930096.099130630 96.256296937 15.551745576 0.195278860 0.002971792 0.002395813 0.112941367 0.993594322
1773930096.199113607 97.223092368 15.819643172 0.174480998 0.004104217 0.002783176 0.114235117 0.993441366
1773930096.299113035 98.213411200 16.095600028 0.187056870 0.003510415 0.002798759 0.115354786 0.993314209
1773930096.399109840 99.171574457 16.368161302 0.159743213 0.003606945 0.002157150 0.116478594 0.993184310
1773930096.499094963 100.152438340 16.633123535 0.167510182 0.003563932 0.001684706 0.117631182 0.993049528
1773930096.599096537 101.133158036 16.924499522 0.166207049 0.003508751 0.001298179 0.118664736 0.992927331
1773930096.699096441 102.134628422 17.203460155 0.165046216 0.003872659 0.001273572 0.119924762 0.992774613
1773930096.799097300 103.117494824 17.492423339 0.155265850 0.004250657 0.001261752 0.121042131 0.992637468
1773930096.899075985 104.107339677 17.784347691 0.156205248 0.004504298 0.001275110 0.122051905 0.992512679
1773930096.999062538 105.117257417 18.074377584 0.149526739 0.004942171 0.001637179 0.123092441 0.992381552
1773930097.099209070 106.139015975 18.379958993 0.147400821 0.005068968 0.001841642 0.123898642 0.992280223
1773930097.199051619 107.159422785 18.682506147 0.132511226 0.005394464 0.002155117 0.125014995 0.992137846
1773930097.299054861 108.183932581 18.989443185 0.126081557 0.005671133 0.001890087 0.126031316 0.992008253
1773930097.399055481 109.227307329 19.306078802 0.124736349 0.005465954 0.001675828 0.126963347 0.991890933
1773930097.499074697 110.256824168 19.622472433 0.120997784 0.005771173 0.001316543 0.127845780 0.991776395
1773930097.599083185 111.324762393 19.947267160 0.120640881 0.005526979 0.001341993 0.128750304 0.991660734
1773930097.699037313 112.394542502 20.276723943 0.109690767 0.005907407 0.001286208 0.129666763 0.991539197
1773930097.799010515 113.451167605 20.608432078 0.111425975 0.005463873 0.001231070 0.130553601 0.991425432
1773930097.898995161 114.503254711 20.940103848 0.117134889 0.006252847 0.000799085 0.131430883 0.991305294
1773930097.999141455 115.570009982 21.276326243 0.115866965 0.006365073 0.000843720 0.132192618 0.991203251
1773930098.099108219 116.655930890 21.611526089 0.113704882 0.006427259 0.000846941 0.132990128 0.991096160
1773930098.199094057 117.734862671 21.963576978 0.113452964 0.007016945 0.001262337 0.133660716 0.991001504
1773930098.299077749 118.802275093 22.299184473 0.109817229 0.007038063 0.001624782 0.134386487 0.990902668
1773930098.399241924 119.874811803 22.655984601 0.112907094 0.006843847 0.001768856 0.134852281 0.990840499
1773930098.499223471 120.948282767 22.993351299 0.099069120 0.007229728 0.001737379 0.135286866 0.990778571
1773930098.599217653 122.051477767 23.350918881 0.108968836 0.007683361 0.001668269 0.135492235 0.990747212
1773930098.699204445 123.129542066 23.695504518 0.109614259 0.007082471 0.000784803 0.135736844 0.990719300
1773930098.799194574 124.199248988 24.035228724 0.108405057 0.008388025 0.001078992 0.136301076 0.990631361
1773930098.899316311 125.271029564 24.393063919 0.106456010 0.008663174 0.001186910 0.136522557 0.990598371
1773930098.999175310 126.357288688 24.738748834 0.107016387 0.009103013 0.001245908 0.136922392 0.990539167
1773930099.099167347 127.436788952 25.089827272 0.113077532 0.009589363 0.000982470 0.137213710 0.990494562
1773930099.198991776 128.532631086 25.448873828 0.109951603 0.009584185 0.001234382 0.137513251 0.990452788
1773930099.298973322 129.609268858 25.797163573 0.102429747 0.009932312 0.001298395 0.137911616 0.990393886
1773930099.398984432 130.683941846 26.148785652 0.107719374 0.010567532 0.001170709 0.138233804 0.990342553
1773930099.498975754 131.773027868 26.507927736 0.120536108 0.011339090 0.001048477 0.138599355 0.990283063
1773930099.598963022 132.851912091 26.862132854 0.114130765 0.012287990 0.001014451 0.139053292 0.990208139
1773930099.698936224 133.936792681 27.218028793 0.113422945 0.012562116 0.001024612 0.139415109 0.990153812
1773930099.798920155 135.009024682 27.571998362 0.116466870 0.013420643 0.001083315 0.139733877 0.990097549
1773930099.898909569 136.091073812 27.927684784 0.119249159 0.013651237 0.001550906 0.140166387 0.990032637
1773930099.998900414 137.168455218 28.284031213 0.113334594 0.014492680 0.001645127 0.140485235 0.989975330
1773930100.098901987 138.245432625 28.647921563 0.116859551 0.014430063 0.001609865 0.140893060 0.989918344
1773930100.198900223 139.339364369 29.001235305 0.122222887 0.015591077 0.001791758 0.141364732 0.989833178
1773930100.299067736 140.401997349 29.366493137 0.120581412 0.015612281 0.002047697 0.141625123 0.989795124
1773930100.399072647 141.480704348 29.721849949 0.120762481 0.016157511 0.002127889 0.142097805 0.989718455
1773930100.499062061 142.561792771 30.091696706 0.123483640 0.016630381 0.002387918 0.142529088 0.989648012
1773930100.599054098 143.636356186 30.451736365 0.123475282 0.016997595 0.002225689 0.142759883 0.989608884
1773930100.699063301 144.713990391 30.813385546 0.106790012 0.016502330 0.001317477 0.143184568 0.989557536
1773930100.799214363 145.774020705 31.173981833 0.131255735 0.017505771 0.000894073 0.143521621 0.989491937
1773930100.899215221 146.850644645 31.547604899 0.139911783 0.017110464 0.001294738 0.143713376 0.989470576
1773930100.999219179 147.922257033 31.903236569 0.137750090 0.016184323 0.003216969 0.144121840 0.989422364
1773930101.099234581 149.010599699 32.271298813 0.110330629 0.016142623 0.003828405 0.144589918 0.989352574
1773930101.199209213 150.067371180 32.641989709 0.109290598 0.016169430 0.002981909 0.145025383 0.989291310
1773930101.299201727 151.131487229 33.004701567 0.127054991 0.018244199 0.002180384 0.145522595 0.989184295
1773930101.399181604 152.192847312 33.365939082 0.137294855 0.018257627 0.001857163 0.145892423 0.989130229
1773930101.499169111 153.262217366 33.735323931 0.122477634 0.018878398 0.002261740 0.146421638 0.989039531
1773930101.598989725 154.343751384 34.107377675 0.128354557 0.019765065 0.002964419 0.147092800 0.988920756
1773930101.698965073 155.418076027 34.480143752 0.111975650 0.021575591 0.002551553 0.147611770 0.988806730
1773930101.798958302 156.471310527 34.841542008 0.133018757 0.023695086 0.002182318 0.147943779 0.988709471
1773930101.898956776 157.527575149 35.208321776 0.172551657 0.023907142 0.003395569 0.148212503 0.988660696
1773930101.998942614 158.602916867 35.585794963 0.150837278 0.024493349 0.007966281 0.148500290 0.988576895
1773930102.098962545 159.695412108 35.958389014 0.085669565 0.024042373 0.009654908 0.148506527 0.988571979
1773930102.198950291 160.759062944 36.331791974 0.079539539 0.023281406 0.007308173 0.148225420 0.988652513
1773930102.299106121 161.814623644 36.698040184 0.107686194 0.024205160 0.005166136 0.148036604 0.988672132
1773930102.399116755 162.872937082 37.076388242 0.099117679 0.025342349 0.005054374 0.147635201 0.988704236
1773930102.499119997 163.923193257 37.435123235 0.097895110 0.024583816 0.005986611 0.147438133 0.988747588
1773930102.599104166 164.985781604 37.801618217 0.095909393 0.024523808 0.005781848 0.147161198 0.988791553
1773930102.699106693 166.048880578 38.170870617 0.103704604 0.025150892 0.005895811 0.146822216 0.988825520
1773930102.799095869 167.102822724 38.526869479 0.096521020 0.025514686 0.005669004 0.146595045 0.988851230
1773930102.899122477 168.694811453 39.075638570 0.111745086 0.026038868 0.005732647 0.146372045 0.988870233
1773930102.999117613 169.198147469 39.257918007 0.084773356 0.025876594 0.006081681 0.146495979 0.988854056
1773930103.099104166 170.277739104 39.625247855 0.093184170 0.026766615 0.006403050 0.146595335 0.988813611
1773930103.199109316 171.334073295 39.992855277 0.086962774 0.026733879 0.006037264 0.146608690 0.988814817
1773930103.299088955 172.384825914 40.352062634 0.085982762 0.027114658 0.005853311 0.146617154 0.988804300
1773930103.399096012 173.454961535 40.721571078 0.087781189 0.027681980 0.005901243 0.146656497 0.988782461
1773930103.499078274 174.516771932 41.088369047 0.093048262 0.028316887 0.006396866 0.146644427 0.988763190
1773930103.599053860 175.581900122 41.459108884 0.080991683 0.028585757 0.006222156 0.146576952 0.988766573
1773930103.699050188 176.648836029 41.821904524 0.075746415 0.028111998 0.006041801 0.146521465 0.988789499
1773930103.799040794 177.719193565 42.192535621 0.084432547 0.027706086 0.006709847 0.146547668 0.988792765
1773930103.899020195 178.796767197 42.564646535 0.052538696 0.027314713 0.007013764 0.146682926 0.988781489
1773930103.999008417 179.861042198 42.935581894 0.046670184 0.028238253 0.005827208 0.146675588 0.988764338
1773930104.098982811 180.937673885 43.305673200 0.063260936 0.030566223 0.004474192 0.146440250 0.988737043
1773930104.198966503 182.027235363 43.680963005 0.110232041 0.030588561 0.005643563 0.146359569 0.988742316
1773930104.298956156 183.122798175 44.051774344 0.053844429 0.029912496 0.007208946 0.146684406 0.988704687
1773930104.398969889 184.206680557 44.434977381 0.043988908 0.030084788 0.007950416 0.146820562 0.988673565
1773930104.498976469 185.290946303 44.816635276 0.065442941 0.028341334 0.006334571 0.146724344 0.988751035
1773930104.598958254 186.394632600 45.189348735 0.058353199 0.028875705 0.005587150 0.146769774 0.988733337
1773930104.699111700 187.506975219 45.586864959 0.048724302 0.028643805 0.006031409 0.146691880 0.988749031
1773930104.799096346 188.608670835 45.962655660 0.042607256 0.028328470 0.006346214 0.146856165 0.988731758
1773930104.899086714 189.727450479 46.349992787 0.045419825 0.028742510 0.007233198 0.146952375 0.988699423
1773930104.999080896 190.849231194 46.740230184 0.030918946 0.028857749 0.007571370 0.147001228 0.988686272
1773930105.099098921 191.975936769 47.136006193 0.020957482 0.029263144 0.007191947 0.147153257 0.988654572
1773930105.199078798 193.120245484 47.524943837 0.020189631 0.029696318 0.007430470 0.147238894 0.988627141
1773930105.299231291 194.258029880 47.921698153 0.008474947 0.029655654 0.007720362 0.147278671 0.988620216
1773930105.399225473 195.393962997 48.312999007 -0.000999827 0.029867527 0.008541956 0.147465983 0.988579157
1773930105.499221087 196.547751566 48.713350785 -0.022319734 0.029863900 0.008367089 0.147643699 0.988554236
1773930105.599229574 197.704413948 49.116130665 -0.022750808 0.030203384 0.008207200 0.147759654 0.988527937
1773930105.699047327 198.855061385 49.514939111 -0.030597858 0.030058661 0.008009023 0.147982664 0.988500614
1773930105.799041271 200.013395513 49.922270950 -0.034030802 0.030115452 0.008280270 0.148168776 0.988468771
1773930105.899026155 201.168777179 50.327724762 -0.060680624 0.029269540 0.007411672 0.148310566 0.988479811
1773930105.999031782 202.325568509 50.735020594 -0.040542767 0.029684945 0.006215679 0.148579234 0.988435319
1773930106.099024057 203.481440934 51.145279056 -0.007064755 0.029376508 0.006745745 0.148687741 0.988424742
1773930106.199023724 204.656017498 51.559787225 -0.060086819 0.027927655 0.008162740 0.148918659 0.988421291
1773930106.299003363 205.818619303 51.975220398 -0.064128444 0.027810583 0.009214078 0.149146763 0.988380957
1773930106.398995399 206.985937825 52.384820253 -0.073931423 0.027481616 0.008759185 0.149421106 0.988352857
1773930106.498975277 208.155503675 52.792138020 -0.062060993 0.027338369 0.009893016 0.149711358 0.988302206
1773930106.598996639 209.319090208 53.209272330 -0.111031068 0.027137921 0.010383888 0.149947353 0.988266917
1773930106.698974371 210.487448835 53.617443888 -0.118395514 0.027460483 0.010017402 0.150249673 0.988215872
1773930106.798973560 211.645907304 54.036106544 -0.101477065 0.027770834 0.009638425 0.150394847 0.988188885
1773930106.898964643 212.820505367 54.446150134 -0.119254528 0.028523378 0.010267571 0.150660880 0.988120586
1773930106.998943806 213.991483730 54.868723925 -0.161290603 0.027864929 0.010070017 0.150641619 0.988144343
1773930107.099107981 215.137899838 55.270671882 -0.135200773 0.029174355 0.008986096 0.150746961 0.988100937
1773930107.199078798 216.311687298 55.686574535 -0.125127622 0.028641782 0.010951602 0.150686384 0.988105928
1773930107.299064875 217.480338646 56.100313473 -0.196609819 0.028766235 0.012891213 0.150701431 0.988076616
1773930107.399242640 218.639502664 56.520683904 -0.230921887 0.027658702 0.010686974 0.150555614 0.988156765
1773930107.499239683 219.800720229 56.924164004 -0.186340600 0.029675356 0.007753474 0.150579581 0.988121980
1773930107.599235058 220.968006163 57.347413456 -0.165804960 0.029814674 0.007929162 0.150293631 0.988159925
1773930107.699212074 222.141698477 57.754885550 -0.223888684 0.028167760 0.010850353 0.150330231 0.988174918
1773930107.799210787 223.296588754 58.171671126 -0.275036613 0.026204784 0.010273269 0.150094139 0.988270974
1773930107.899208784 224.457146594 58.580540355 -0.232995837 0.026579828 0.008351729 0.149891341 0.988309844
1773930107.999207973 225.624823555 58.995444827 -0.239849882 0.027017393 0.008128960 0.149700698 0.988328731
1773930108.099192858 226.799934345 59.415129149 -0.280936315 0.026284405 0.008438361 0.149417315 0.988388785
1773930108.199187279 227.951105779 59.808650838 -0.286786153 0.024839292 0.010062076 0.149451677 0.988405767
1773930108.299155712 229.108438564 60.218887447 -0.308277300 0.025635805 0.009379329 0.149207143 0.988429088
1773930108.399128675 230.277413920 60.634310891 -0.289088053 0.025224344 0.008723040 0.148984765 0.988479226
1773930108.499114037 231.434757098 61.034914514 -0.306695920 0.025605837 0.009210674 0.148812997 0.988490868
1773930108.598935127 232.602677390 61.455038435 -0.340634390 0.024557023 0.009989985 0.148389916 0.988573510
1773930108.698906898 233.749897834 61.850299221 -0.334723700 0.023542857 0.009811966 0.148078978 0.988646588
1773930108.798912287 234.905464011 62.259771007 -0.337558477 0.023622487 0.009957870 0.147662235 0.988705559
1773930108.898905754 236.052839633 62.654389126 -0.370917862 0.023121248 0.009764754 0.147274173 0.988777212
1773930108.998904467 237.209245902 63.057802343 -0.369567594 0.023771810 0.009922394 0.146833597 0.988825739
1773930109.098889351 238.364895004 63.453299279 -0.380666195 0.024226990 0.009188047 0.146499924 0.988871278
1773930109.198887587 239.500253324 63.852751332 -0.374879294 0.024833408 0.009951951 0.146035934 0.988917472
1773930109.299037933 240.647688589 64.238364798 -0.408471543 0.025167139 0.010344685 0.145627204 0.988965278
1773930109.399019241 241.782335017 64.631002064 -0.401308508 0.025438015 0.010831842 0.145227612 0.989011890
1773930109.499018192 242.921966943 65.016572361 -0.414372141 0.026982080 0.011595219 0.144753121 0.989031876
1773930109.599011183 244.063865004 65.400403004 -0.430537478 0.028264490 0.012799913 0.144229588 0.989057686
1773930109.699012995 245.184847217 65.782667270 -0.450482113 0.029443937 0.013703375 0.143549110 0.989110168
1773930109.799169779 246.317187713 66.157524416 -0.481273434 0.029643704 0.013783096 0.142796078 0.989212089
1773930109.899163008 247.423737538 66.524496699 -0.498599537 0.031569829 0.012829490 0.142066359 0.989270388
1773930109.999171734 248.539396619 66.899960920 -0.489102293 0.031996634 0.010856019 0.141098265 0.989418841
1773930110.099174261 249.661224745 67.266537930 -0.475719499 0.031950766 0.011396584 0.140185243 0.989544018
1773930110.199173450 250.765120717 67.630608274 -0.531613198 0.030931874 0.012091861 0.139280972 0.989695820
1773930110.299157381 251.855230151 67.989341907 -0.531800613 0.030836482 0.012504935 0.138407939 0.989816135
1773930110.399138451 252.950160373 68.349366428 -0.535771200 0.030867645 0.012252994 0.137536841 0.989939730
1773930110.499189615 254.042329049 68.701930364 -0.538025573 0.031451679 0.013666070 0.136744035 0.990012676
1773930110.599155426 255.138525470 69.054335500 -0.598271782 0.031288487 0.013617365 0.135878815 0.990137640
1773930110.699157715 256.211416960 69.397173437 -0.591389198 0.031661567 0.013286483 0.135009216 0.990249224
1773930110.799128056 257.293351438 69.736020764 -0.582215852 0.031246917 0.012957040 0.134161671 0.990381942
1773930110.899097443 258.368950117 70.081708578 -0.598617296 0.030803847 0.015267370 0.133405487 0.990465046
1773930110.999068499 259.431212106 70.419095812 -0.655335112 0.030299119 0.016912792 0.132592401 0.990563060
1773930111.099060774 260.495232664 70.755745878 -0.687994210 0.029207216 0.015760482 0.131640415 0.990741816
1773930111.198888063 261.542965723 71.073821884 -0.695750380 0.030258154 0.012208450 0.130796169 0.990872222
1773930111.298878670 262.581143045 71.393852041 -0.679282738 0.031761714 0.010391562 0.129871190 0.990967549
1773930111.398880005 263.633393053 71.714973309 -0.685874649 0.032255475 0.011399355 0.129182216 0.991030572
1773930111.498863935 264.651213959 72.026552782 -0.720376453 0.032159094 0.014068308 0.128568026 0.991079279
1773930111.598843098 265.691196094 72.335492861 -0.737830410 0.032103986 0.014966344 0.127747804 0.991173971
1773930111.698862076 266.709551047 72.644790461 -0.739792444 0.032051241 0.015010982 0.126972156 0.991274664
1773930111.799030542 267.719897770 72.928487017 -0.770387228 0.033159645 0.015343816 0.126698785 0.991268088
1773930111.899029255 268.709108974 73.226100095 -0.793235638 0.033776773 0.015628085 0.126831592 0.991225827
1773930111.999013186 269.699581654 73.529028024 -0.796045271 0.033422731 0.016120910 0.127397054 0.991157418
1773930112.099007607 270.674329899 73.830995213 -0.805599205 0.033443840 0.017410238 0.128048164 0.991050988
1773930112.199010134 271.619420069 74.121444320 -0.836548902 0.032925984 0.018701242 0.128627552 0.990969775
1773930112.299002647 272.547110060 74.410837048 -0.868338982 0.032203157 0.019165480 0.129252505 0.990903341
1773930112.398987055 273.479067926 74.686171606 -0.885029361 0.032541629 0.018661573 0.130305006 0.990764045
1773930112.499135733 274.371928911 74.978359346 -0.907294775 0.032879502 0.017575386 0.131378250 0.990631011
1773930112.598986149 275.266547552 75.251696563 -0.921981399 0.033532515 0.016051556 0.132678410 0.990461689
1773930112.698958397 276.136671765 75.531582770 -0.921879141 0.033494470 0.015909008 0.134114228 0.990271881
1773930112.798956394 276.982985575 75.791424088 -0.948568176 0.034988452 0.016322723 0.135932641 0.989965502
1773930112.898952007 277.811200163 76.053711943 -0.954255345 0.035895613 0.016279394 0.138036552 0.989642560
1773930112.998949289 278.625471000 76.340602346 -0.943673979 0.036309879 0.017414898 0.140174253 0.989307583
1773930113.098929644 279.429098544 76.607502604 -0.999523873 0.035721781 0.018039409 0.142712658 0.988954818
1773930113.198929310 280.205528792 76.885087961 -0.983655410 0.036541882 0.019230854 0.144897968 0.988584566
1773930113.298916817 280.967338622 77.143308478 -1.031078717 0.036994366 0.018978923 0.146908492 0.988275828
1773930113.398933887 281.714450768 77.406002418 -1.013755972 0.036206313 0.018383704 0.148797930 0.988033561
1773930113.499092817 282.441783276 77.668140151 -1.030578064 0.035592902 0.018713035 0.150742263 0.987754898
1773930113.599092960 283.156018898 77.929556972 -1.050483108 0.034921625 0.019452155 0.152373835 0.987514207
1773930113.699107409 283.854573016 78.184596806 -1.074512930 0.034282081 0.019919234 0.154167251 0.987248916
1773930113.799108744 284.531034813 78.433611649 -1.092556088 0.033490452 0.019520304 0.155802531 0.987027314
1773930113.899115324 285.198031922 78.675345656 -1.096536641 0.033589588 0.018727507 0.157431571 0.986780787
1773930113.999130249 285.856914232 78.931826778 -1.110791678 0.033946792 0.017709259 0.159084706 0.986522201
1773930114.099305391 286.492136841 79.176368208 -1.116656159 0.033884875 0.018107517 0.160848558 0.986231045
1773930114.199313164 287.108542464 79.414610393 -1.134836698 0.034157863 0.017486862 0.162475574 0.985966094
1773930114.299304962 287.729890197 79.650139753 -1.127394477 0.034894903 0.017424152 0.164168455 0.985660927
1773930114.399296522 288.330868861 79.880912979 -1.147194685 0.035034718 0.017205729 0.165809175 0.985385127
1773930114.499304533 288.931492218 80.121599846 -1.156346691 0.034729131 0.017417412 0.167261005 0.985146830
1773930114.599279165 289.516591299 80.358668754 -1.166159948 0.035143397 0.016530812 0.168788193 0.984886907
1773930114.699262857 290.098298358 80.591274505 -1.167146543 0.035299704 0.017279052 0.170421965 0.984587080
1773930114.799075842 290.658267993 80.816013790 -1.190580060 0.035770397 0.017557587 0.171980131 0.984294186
1773930114.899069786 291.212911686 81.046331163 -1.199967510 0.036561632 0.017982659 0.173444228 0.984000493
1773930114.999042988 291.763090063 81.275043351 -1.206405502 0.035966877 0.017691585 0.174743192 0.983797849
1773930115.099034786 292.300215977 81.499861216 -1.210238278 0.035681387 0.017826050 0.176486695 0.983494543
1773930115.199043274 292.819547352 81.721047651 -1.223596668 0.036186380 0.018281031 0.178123614 0.983172583
1773930115.299048901 293.338755414 81.944103155 -1.243108932 0.036348087 0.018831484 0.179559501 0.982894998
1773930115.399047375 293.841660403 82.151107185 -1.252189315 0.036783515 0.019077443 0.180914951 0.982625465
1773930115.498877764 294.332034885 82.374661109 -1.253079733 0.036202018 0.018878180 0.182127169 0.982426955
1773930115.599032640 294.830623163 82.582637008 -1.261135568 0.035904512 0.018618375 0.183266531 0.982230930
1773930115.699015141 295.296252730 82.796772749 -1.273998706 0.036274981 0.018749190 0.184538725 0.981976605
1773930115.798998356 295.765769916 83.001202761 -1.275249042 0.036800118 0.019003056 0.185739329 0.981725795
1773930115.898992538 296.225214946 83.202584594 -1.289959146 0.037182658 0.019634732 0.186822661 0.981493362
1773930115.998996258 296.674731685 83.401246040 -1.302964650 0.036933842 0.019696686 0.187912455 0.981293453
1773930116.098973036 297.113271971 83.600323220 -1.305399355 0.036967196 0.019759562 0.188950383 0.981091606
1773930116.198972940 297.535115683 83.794813237 -1.324261444 0.037045068 0.019316449 0.189936442 0.980907073
1773930116.299126625 297.957274831 83.979218002 -1.326949793 0.037582003 0.019085137 0.191092519 0.980666610
1773930116.399117470 298.366362501 84.163551819 -1.340289764 0.037894413 0.018551644 0.192143272 0.980459491
1773930116.499112844 298.772777743 84.338396837 -1.342217902 0.038497887 0.017986163 0.193474036 0.980184783
1773930116.599242687 299.170537800 84.527779401 -1.348008184 0.038510613 0.017267069 0.195303162 0.979834402
1773930116.699100256 299.541369691 84.717750154 -1.352314976 0.038362593 0.016953137 0.196874141 0.979531253
1773930116.799082756 299.931724454 84.899166122 -1.349625595 0.037903200 0.017344343 0.198549529 0.979204067
1773930116.899082899 300.309821675 85.088751840 -1.366366768 0.038004262 0.017513204 0.199982785 0.978905434
1773930116.999071360 300.677498122 85.270943368 -1.367479572 0.038175338 0.018132685 0.200979119 0.978683423
1773930117.099253893 301.049201370 85.442496138 -1.373709099 0.038119364 0.018512268 0.201844907 0.978500303
1773930117.199245453 301.412089148 85.621689587 -1.378144483 0.038208094 0.019024740 0.202309968 0.978390964
1773930117.299245119 301.758813517 85.790770895 -1.379720117 0.037814828 0.019639432 0.202423620 0.978370589
1773930117.399243832 302.106169042 85.954609160 -1.388345510 0.037297451 0.020119029 0.202254604 0.978415658
1773930117.499235868 302.440266340 86.110976699 -1.399467046 0.036336747 0.020682225 0.201907936 0.978511662
1773930117.599236250 302.763804633 86.263502752 -1.394867738 0.036441641 0.020837566 0.201210528 0.978648111
1773930117.699235916 303.068083057 86.408049159 -1.406076295 0.036650089 0.020713633 0.200369738 0.978815450
1773930117.799214602 303.360989960 86.549095176 -1.406827598 0.036470958 0.020598748 0.198936469 0.979116869
1773930117.899225473 303.647798024 86.672401664 -1.410210384 0.036141499 0.020442462 0.197170957 0.979489414
1773930117.999217033 303.916870076 86.796251340 -1.420025159 0.036006967 0.020181786 0.195142827 0.979905848
1773930118.099198580 304.170911395 86.909297004 -1.421103797 0.035292043 0.019667674 0.193298534 0.980307774
1773930118.199183464 304.411150751 87.021624601 -1.426633890 0.034707452 0.019200576 0.191027127 0.980783038
1773930118.299175978 304.645660716 87.116695131 -1.433964053 0.033890014 0.019056618 0.188726884 0.981259637
1773930118.399305820 304.872409047 87.212047352 -1.441837131 0.033210150 0.018604406 0.186562615 0.981705329
1773930118.499007463 305.080085831 87.303183170 -1.437593261 0.033018075 0.018199112 0.184375428 0.982132527
1773930118.598997593 305.284786766 87.385482263 -1.445370960 0.032375800 0.018861534 0.182398740 0.982510432
1773930118.698975563 305.486522993 87.464541894 -1.452426696 0.032224698 0.019085242 0.180514642 0.982858986
1773930118.798956156 305.676652680 87.539172505 -1.456029964 0.032265354 0.019235914 0.178805556 0.983167076
1773930118.898928165 305.851098848 87.609257466 -1.464380008 0.032381256 0.019504413 0.177046235 0.983476315
1773930118.998740673 306.015690608 87.673861482 -1.464624772 0.032415245 0.019870519 0.175543390 0.983737227
1773930119.098718166 306.164113583 87.732671557 -1.470990724 0.032084651 0.019849778 0.174200215 0.983987219
1773930119.198726654 306.294370034 87.785137590 -1.479514809 0.031476421 0.020388766 0.172982717 0.984210604
1773930119.298720837 306.425792839 87.829518185 -1.481788124 0.031483154 0.020473185 0.171870628 0.984403447
1773930119.398707390 306.529916004 87.873720792 -1.484471253 0.031572778 0.020588484 0.170834732 0.984578472
1773930119.498885632 306.627175578 87.908938337 -1.485151814 0.031483614 0.020578114 0.169909693 0.984741600
1773930119.598864555 306.701901656 87.941328189 -1.490915798 0.031183138 0.020769847 0.169153741 0.984877270
1773930119.698867321 306.768665488 87.957497435 -1.488782448 0.030829928 0.020856858 0.168594322 0.984982468
1773930119.799024582 306.814025261 87.986064948 -1.487838510 0.030470109 0.020769396 0.168109841 0.985078315
1773930119.899013996 306.865690900 88.004252656 -1.489650213 0.030365147 0.020718754 0.167766064 0.985141228
1773930119.998990297 306.890351873 88.016103967 -1.491000399 0.030589889 0.020713315 0.167281199 0.985216838
1773930120.099145651 306.917110472 88.021821159 -1.495787412 0.030595955 0.020600854 0.167121064 0.985246184
1773930120.199244022 306.937859123 88.033885635 -1.493254394 0.030627982 0.020508334 0.166881480 0.985287728
1773930120.299112320 306.948447501 88.036166374 -1.488029973 0.030473845 0.020487950 0.166626638 0.985336061
1773930120.399114370 306.964135498 88.039359659 -1.489260091 0.030461632 0.020374246 0.166581540 0.985346421
1773930120.499287367 306.978047394 88.050626972 -1.490968442 0.030373709 0.020079667 0.166426761 0.985381336
1773930120.599259853 306.981092534 88.049629275 -1.487613719 0.030469572 0.020177892 0.166271733 0.985402541
1773930120.699383974 306.997520491 88.057860003 -1.488417253 0.030538572 0.020129612 0.166280006 0.985399997
1773930120.799222231 307.004964427 88.058935664 -1.488653715 0.030510431 0.020112707 0.166134445 0.985425765
1773930120.899203539 307.020623434 88.061878196 -1.489721777 0.030436138 0.019940951 0.166024486 0.985450085
1773930120.999204874 307.029861921 88.067432421 -1.490848872 0.030357828 0.019805814 0.165876216 0.985480194
1773930121.099181652 307.037093276 88.072395920 -1.489009934 0.030306671 0.019901689 0.165825144 0.985488432
1773930121.199167013 307.046866324 88.074687285 -1.491171254 0.030296732 0.019976893 0.165673845 0.985512663
1773930121.299149752 307.060157735 88.080350808 -1.487146930 0.030297323 0.019906847 0.165561372 0.985532963
1773930121.398972273 307.067034043 88.083394796 -1.486494811 0.030268785 0.020030078 0.165511544 0.985539713
1773930121.498969078 307.083630306 88.088194397 -1.493045087 0.030193704 0.019857206 0.165323469 0.985577081
1773930121.598957300 307.093712719 88.089853037 -1.493397216 0.030171289 0.019836949 0.165254697 0.985589709
1773930121.698958874 307.105513805 88.098152170 -1.495061543 0.030156549 0.019850794 0.165180198 0.985602370
1773930121.798943281 307.117670080 88.098267391 -1.493538324 0.030133520 0.019849816 0.165113558 0.985614260
1773930121.898936987 307.121445963 88.100046674 -1.492509938 0.030098539 0.019860968 0.164981865 0.985637156
1773930121.999057770 307.135902387 88.110012407 -1.493820505 0.030038842 0.019898151 0.164884170 0.985654575
1773930122.098932981 307.139872835 88.108471685 -1.498917618 0.030137311 0.019826511 0.164816265 0.985664370
1773930122.198931456 307.149172820 88.111761057 -1.497341320 0.030058579 0.019818149 0.164715650 0.985683761
1773930122.298936844 307.156270636 88.113597764 -1.492651318 0.030118779 0.019875783 0.164772212 0.985671310
1773930122.398917913 307.157585416 88.117437329 -1.499340377 0.030057081 0.019767458 0.164625878 0.985699822
1773930122.499229670 307.163188927 88.113959071 -1.494671795 0.030147509 0.019936928 0.164629312 0.985693074
1773930122.599104404 307.157073311 88.121323698 -1.497866674 0.030096807 0.019854904 0.164627309 0.985696614
1773930122.699096441 307.152871035 88.114932037 -1.495543136 0.030108879 0.019758210 0.164613518 0.985700491
1773930122.799080372 307.160967134 88.114426467 -1.497105702 0.030081120 0.019526600 0.164635021 0.985702363
1773930122.899068117 307.154608723 88.115720510 -1.493411058 0.030116776 0.019806100 0.164651469 0.985692950
1773930122.999211311 307.160420109 88.116770447 -1.497705117 0.030115772 0.019854105 0.164582840 0.985703476
1773930123.099209070 307.153892206 88.115305530 -1.493270740 0.030058590 0.019676167 0.164594314 0.985706874
1773930123.199214458 307.160730458 88.116103491 -1.495331147 0.030058525 0.019653406 0.164636799 0.985700235
1773930123.299191713 307.159319586 88.116760043 -1.500441189 0.030060854 0.019635735 0.164661771 0.985696345
1773930123.399168253 307.157379345 88.115763901 -1.499179411 0.030054671 0.019631695 0.164591467 0.985708356
1773930123.499145746 307.157899553 88.113666743 -1.495568340 0.029990242 0.019796588 0.164603429 0.985705023
1773930123.599141359 307.157540582 88.114976794 -1.496837440 0.030096879 0.019619344 0.164614318 0.985703498
1773930123.699133158 307.161724316 88.114784453 -1.495100233 0.030060403 0.019673063 0.164650120 0.985697561
1773930123.799114466 307.159578159 88.111172127 -1.495869601 0.030068884 0.019681362 0.164620713 0.985702048
1773930123.899102211 307.158786073 88.111164927 -1.496991099 0.030075044 0.019623654 0.164628055 0.985701784
1773930123.999094009 307.160221859 88.112884440 -1.497348742 0.029958733 0.019758378 0.164608341 0.985705927
1773930124.099102497 307.159940786 88.115694013 -1.496741423 0.030125289 0.019638548 0.164649460 0.985696378
1773930124.199099064 307.154392181 88.112232322 -1.498538138 0.030076634 0.019717039 0.164608376 0.985703159
1773930124.298908710 307.159687571 88.116908804 -1.494936785 0.030060627 0.019709119 0.164644003 0.985697855
1773930124.398902416 307.158317924 88.114865870 -1.493673252 0.030056484 0.019652792 0.164621805 0.985702814
1773930124.499058485 307.158695641 88.114663622 -1.496221558 0.030133937 0.019832004 0.164659797 0.985690514
1773930124.598885775 307.156426301 88.115851757 -1.491337517 0.030033524 0.019744257 0.164622454 0.985701577
1773930124.698899031 307.157372068 88.113314919 -1.492878396 0.030097913 0.019635989 0.164644091 0.985698162
1773930124.799034119 307.159247672 88.117477455 -1.494956310 0.030045085 0.019767265 0.164648515 0.985696411
1773930124.899005890 307.154679062 88.114854992 -1.496451993 0.030029025 0.019753926 0.164616762 0.985702471
1773930124.998996496 307.160102080 88.114442012 -1.490863512 0.030047969 0.019620052 0.164701064 0.985690485
1773930125.098996162 307.158342775 88.119277541 -1.498240480 0.030121782 0.019644971 0.164595101 0.985705436
1773930125.198964119 307.157679262 88.109543573 -1.495454426 0.030020234 0.019713132 0.164676852 0.985693518
1773930125.299130440 307.153268798 88.118432463 -1.492167571 0.030071328 0.019831467 0.164618632 0.985699312
1773930125.399103642 307.160222739 88.115594967 -1.493206040 0.030141617 0.019667180 0.164701237 0.985686658
1773930125.499079227 307.152186257 88.119182338 -1.497778731 0.030236154 0.019604810 0.164591163 0.985703391
1773930125.599083185 307.160965892 88.117724327 -1.497011519 0.030084698 0.019653627 0.164646164 0.985697868
1773930125.699249029 307.154531974 88.115751955 -1.490383211 0.030126303 0.019888061 0.164618312 0.985696547
1773930125.799241304 307.154598342 88.115065240 -1.500082925 0.030065670 0.019652122 0.164608811 0.985704717
1773930125.899233580 307.160311224 88.112705993 -1.498247800 0.030091560 0.019636437 0.164671009 0.985693851
1773930125.999205589 307.153539734 88.115988397 -1.494940641 0.030052892 0.019797347 0.164620849 0.985700190
1773930126.099359035 307.155747984 88.110706113 -1.492158530 0.030261199 0.019774152 0.164613443 0.985695519
1773930126.199208736 307.157697632 88.112463939 -1.494737989 0.030104046 0.019669280 0.164559290 0.985711472
1773930126.299191713 307.153719041 88.113807480 -1.493799167 0.030051154 0.019719121 0.164616504 0.985702537
1773930126.399169445 307.154621106 88.112888315 -1.495187691 0.030044440 0.019716573 0.164638569 0.985699107
1773930126.499158621 307.155799494 88.111637808 -1.494998121 0.030044668 0.019782045 0.164666456 0.985693130
1773930126.598987341 307.157393995 88.116299497 -1.493080164 0.030090970 0.019742392 0.164628532 0.985698847
1773930126.698968887 307.153283445 88.117312195 -1.496899306 0.030134715 0.019646995 0.164622854 0.985700365
1773930126.798954010 307.154771488 88.113111975 -1.491936163 0.030079617 0.019827018 0.164606785 0.985701127
1773930126.898963690 307.157025991 88.118944524 -1.495339842 0.030138307 0.019682221 0.164639779 0.985696726
1773930126.998944998 307.161166899 88.114399278 -1.494740292 0.030135353 0.019634181 0.164847807 0.985663005
1773930127.098978281 307.159549714 88.114372334 -1.494302706 0.030127115 0.019632010 0.164621666 0.985701095
1773930127.198946953 307.161409449 88.113503708 -1.495879420 0.030037088 0.019609166 0.164644504 0.985700483
1773930127.298940897 307.155883050 88.116178923 -1.491561083 0.030072206 0.019737799 0.164604924 0.985703455
1773930127.398933172 307.158262255 88.112098486 -1.490689610 0.030101567 0.019755915 0.164590361 0.985704627
1773930127.498934984 307.156344019 88.117468865 -1.494783459 0.030320237 0.019517663 0.164591302 0.985702515
1773930127.598925591 307.157666088 88.117062422 -1.491810945 0.030090155 0.019696217 0.164601527 0.985704306
1773930127.699090242 307.159927912 88.113826411 -1.496021642 0.030085000 0.019636383 0.164606314 0.985704858
1773930127.799088240 307.161933637 88.117157463 -1.494861795 0.030080960 0.019617678 0.164652657 0.985697613
1773930127.899076700 307.155353252 88.116237553 -1.495713534 0.030058101 0.019602630 0.164596514 0.985707987
1773930127.999087572 307.161389573 88.114651159 -1.498213007 0.030038401 0.019550633 0.164626342 0.985704639
1773930128.099087000 307.158934803 88.114235380 -1.497651776 0.030081010 0.019584191 0.164638090 0.985700711
1773930128.199091196 307.160091414 88.117191424 -1.498953611 0.030085368 0.019529630 0.164612112 0.985705999
1773930128.299258947 307.162197237 88.119183387 -1.495683595 0.030074326 0.019581702 0.164597904 0.985707676
1773930128.399230003 307.169136906 88.115264099 -1.497878412 0.030049140 0.019463893 0.164536405 0.985721044
1773930128.499214172 307.172769228 88.120937243 -1.496168081 0.029995145 0.019534325 0.164446076 0.985736369
1773930128.599237204 307.181383033 88.124052152 -1.497353336 0.030047283 0.019340482 0.164423907 0.985742302
1773930128.699219465 307.193692562 88.129274477 -1.495854741 0.030063336 0.019358387 0.164276282 0.985766074
1773930128.799222708 307.208172273 88.127570837 -1.498640854 0.029996172 0.019261256 0.164175966 0.985786734
1773930128.899067879 307.226231189 88.143459493 -1.498079030 0.029964524 0.019031930 0.163947979 0.985830093
1773930128.999047756 307.258100675 88.152998572 -1.503683201 0.029335492 0.018787981 0.163685686 0.985897275
1773930129.099070311 307.270393873 88.159099067 -1.497112091 0.029548199 0.018819459 0.163537581 0.985914901
1773930129.199055195 307.308181672 88.173127565 -1.500312800 0.029580669 0.018698415 0.163180038 0.985975471
1773930129.299036503 307.348830613 88.186604405 -1.500362764 0.029486034 0.018810506 0.162908360 0.986021098
1773930129.399007797 307.387794781 88.197583279 -1.498994199 0.029433870 0.018926211 0.162541616 0.986080965
1773930129.498984337 307.438264032 88.220399855 -1.505026275 0.029267534 0.018976892 0.162242553 0.986134191
1773930129.598980665 307.489116801 88.234728553 -1.508672100 0.029333438 0.019287932 0.161880178 0.986185750
1773930129.699111700 307.537801918 88.257554662 -1.512581032 0.029273883 0.019404911 0.161614371 0.986228819
1773930129.798960209 307.585176796 88.273918426 -1.505472213 0.029173895 0.019559827 0.161369288 0.986268853
1773930129.898952246 307.636005311 88.296246321 -1.511148401 0.029046304 0.019667616 0.161215344 0.986295650
1773930129.998955727 307.673347355 88.314753166 -1.513196058 0.028691019 0.019784837 0.160965984 0.986344432
1773930130.098933458 307.721637436 88.325531951 -1.513463711 0.028624622 0.019847978 0.160876731 0.986359654
1773930130.198936462 307.756260081 88.340752139 -1.515240906 0.028710206 0.019948235 0.160782767 0.986370465
1773930130.299088478 307.787169346 88.357479439 -1.514223715 0.028524698 0.019956823 0.160567529 0.986410734
1773930130.399082661 307.813984458 88.361749209 -1.515505225 0.028590829 0.019904874 0.160452726 0.986428549
1773930130.499068499 307.835749237 88.373273467 -1.511170193 0.028301072 0.020069114 0.160319380 0.986455258
1773930130.599038839 307.861908582 88.379638168 -1.515822096 0.028543805 0.019593252 0.160219957 0.986473984
1773930130.699054480 307.888368644 88.393551500 -1.512221903 0.028516902 0.019590042 0.160068905 0.986499347
1773930130.799212933 307.915939462 88.398607031 -1.513469817 0.028448786 0.019570365 0.160047917 0.986505110
1773930130.899203062 307.947346084 88.415884684 -1.512871551 0.028504991 0.019389037 0.159846933 0.986539654
1773930130.999188662 307.990781987 88.430147845 -1.511372659 0.028481037 0.019430488 0.159791636 0.986548488
1773930131.099191427 308.013309220 88.443827170 -1.520010934 0.028431182 0.019086814 0.159671369 0.986576107
1773930131.199168921 308.063192507 88.455853316 -1.519600794 0.028580688 0.018527415 0.159590189 0.986595586
1773930131.299148321 308.121566146 88.473757128 -1.520996910 0.028596522 0.017604341 0.159468628 0.986631685
1773930131.399144411 308.192290930 88.501950482 -1.518064217 0.028318509 0.017394933 0.159344883 0.986663411
1773930131.499139309 308.269964524 88.531024663 -1.527439717 0.027791052 0.017622967 0.159273290 0.986685921
1773930131.599125385 308.373608972 88.573894009 -1.528633562 0.027974646 0.017766207 0.159253168 0.986681412
1773930131.699096680 308.489856748 88.613953930 -1.530828533 0.027852657 0.017732875 0.159207105 0.986692897
1773930131.799096823 308.615495154 88.664344682 -1.533072535 0.027770868 0.017864947 0.159209774 0.986692389
1773930131.898898125 308.761251039 88.713640326 -1.539419599 0.027704418 0.017871864 0.159164309 0.986701467
1773930131.998889208 308.984550825 88.803116749 -1.546643360 0.027354756 0.018093099 0.158961542 0.986739877
1773930132.098883152 309.079475610 88.842101802 -1.555413098 0.027421264 0.017870402 0.158990666 0.986737397
1773930132.198866129 309.255231894 88.901620249 -1.551589871 0.027412235 0.017775066 0.158920240 0.986750715
1773930132.298866749 309.449872486 88.977874758 -1.557547820 0.027276063 0.017811723 0.158806075 0.986772208
1773930132.399044275 309.655781964 89.055201467 -1.560771232 0.027096322 0.017630683 0.158703481 0.986796916
1773930132.499021053 309.882491911 89.141300695 -1.570613172 0.027013932 0.017376266 0.158710069 0.986802628
1773930132.599017143 310.115973635 89.231663433 -1.579686934 0.026891529 0.017597852 0.158631873 0.986814618
1773930132.699007511 310.353572106 89.320171029 -1.582002685 0.026548217 0.017643604 0.158521961 0.986840759
1773930132.799021482 310.610704506 89.416002256 -1.589872044 0.026371666 0.017678444 0.158502843 0.986847940
1773930132.899190664 310.863151004 89.523918251 -1.597721622 0.025937287 0.017733895 0.158097107 0.986923539
1773930132.999171972 311.150768626 89.619470904 -1.609569237 0.025317741 0.017449014 0.157768293 0.986997320
1773930133.099163294 311.442607174 89.733933184 -1.610890661 0.025792537 0.017623576 0.157286238 0.987058860
1773930133.199127197 311.744131946 89.843738646 -1.629638692 0.024800996 0.017372769 0.156421707 0.987226087
1773930133.299307585 312.050894345 89.946949705 -1.633571578 0.024385697 0.017743636 0.155743713 0.987337023
1773930133.399301767 312.359233443 90.065203106 -1.652324770 0.024314073 0.017876479 0.154942985 0.987462368
1773930133.499266386 312.691966121 90.187359236 -1.650231811 0.023607863 0.018006934 0.154148967 0.987601395
1773930133.599258661 313.035948408 90.305630748 -1.670548801 0.023667352 0.018125134 0.153268656 0.987734810
1773930133.699247599 313.375634627 90.430570315 -1.675306415 0.022998204 0.018245635 0.152435112 0.987877379
1773930133.799395084 313.734689005 90.560301639 -1.690250789 0.022409402 0.018091303 0.151461578 0.988043478
1773930133.899247169 314.118835551 90.697700797 -1.689089319 0.022046411 0.018133170 0.150382288 0.988215721
1773930133.999239683 314.502429758 90.828435283 -1.712699760 0.021994544 0.017907955 0.149185142 0.988402417
1773930134.099068403 314.904280175 90.974634599 -1.721471523 0.021235739 0.017286698 0.147808600 0.988636855
1773930134.199047804 315.305322043 91.101859373 -1.735020175 0.021659742 0.016869961 0.146705705 0.988799118
1773930134.299041510 315.727537245 91.250124802 -1.749955729 0.020699075 0.016405285 0.145343860 0.989028603
1773930134.399025917 316.168228760 91.399806034 -1.773574363 0.020973055 0.016030420 0.143954923 0.989232095
1773930134.499009848 316.611638241 91.548674290 -1.775798177 0.020652543 0.015200720 0.142433313 0.989472163
1773930134.598993778 317.083605799 91.705098014 -1.790153041 0.020065148 0.015156263 0.140920479 0.989701519
1773930134.698982000 317.557093008 91.860485999 -1.803323488 0.019454304 0.014928611 0.139429028 0.989928388
1773930134.798969507 318.051691658 92.020043601 -1.810462364 0.019341000 0.014885724 0.137899323 0.990145503
1773930134.898960590 318.572092288 92.189644069 -1.834820910 0.018650063 0.014521742 0.136201391 0.990399149
1773930134.998946190 319.355180266 92.439565140 -1.855333585 0.018135854 0.014444753 0.133752099 0.990743567
1773930135.098951578 319.636019449 92.529924189 -1.860925334 0.017811606 0.014234245 0.132890406 0.990868444
1773930135.198956013 320.198077546 92.699345745 -1.873789633 0.017488304 0.014344128 0.131297934 0.991084889
1773930135.299117327 320.770870953 92.879459125 -1.885768940 0.017070915 0.014568345 0.129749030 0.991292861
1773930135.399087667 321.359012228 93.054610931 -1.904006689 0.016861390 0.014760525 0.128326069 0.991478815
1773930135.499079704 321.944681705 93.231615535 -1.918535725 0.016670328 0.015087016 0.126763514 0.991678120
1773930135.599107027 322.547157064 93.410474645 -1.939419598 0.016352741 0.015138308 0.125642231 0.991825312
1773930135.699090242 323.159321081 93.594814319 -1.952677338 0.015932522 0.015208935 0.124377019 0.991990524
1773930135.799080849 323.769099855 93.769373121 -1.970791876 0.015537635 0.015327954 0.123440741 0.992111899
1773930135.899059534 324.386244881 93.949011405 -1.991092577 0.015523160 0.015191266 0.122761393 0.992198517
1773930135.999059200 325.008148794 94.137562984 -2.001252449 0.015633421 0.015468186 0.122421897 0.992234453
1773930136.099041700 325.625892121 94.316939712 -2.020751140 0.015555345 0.015234186 0.121903819 0.992303084
1773930136.199021339 326.250860112 94.501192726 -2.041261047 0.014925496 0.014992457 0.121629044 0.992350156
1773930136.299023390 326.878627180 94.687699653 -2.040197834 0.014503987 0.015071697 0.121290799 0.992396604
1773930136.399021149 327.513381067 94.875189548 -2.067720539 0.013721368 0.015339296 0.121107250 0.992426050
1773930136.499021769 328.134068635 95.054099100 -2.081287795 0.012876752 0.015776884 0.120880987 0.992458093
1773930136.599007845 328.772323183 95.236664350 -2.101606598 0.012567309 0.016423524 0.120451988 0.992503728
1773930136.699011326 329.402504848 95.422105829 -2.117523331 0.012282640 0.016548149 0.120167755 0.992539675
1773930136.799029827 330.024424283 95.602862273 -2.133547196 0.011704627 0.016519798 0.119939707 0.992574715
1773930136.899009228 330.660566872 95.785214852 -2.158304634 0.010710352 0.016221544 0.119693256 0.992620609
1773930136.998991251 331.278252781 95.978259907 -2.167973695 0.010293077 0.016117210 0.119368102 0.992665877
1773930137.099145412 331.912546674 96.151144273 -2.181930216 0.009717761 0.016056092 0.119142791 0.992699734
1773930137.199120283 332.542146871 96.330740817 -2.204367744 0.010083056 0.015804505 0.118911966 0.992727805
1773930137.299110651 333.171038197 96.516327425 -2.215697063 0.009451149 0.015605307 0.118558632 0.992779432
1773930137.399093151 333.794648279 96.694490837 -2.238290377 0.008850428 0.015675904 0.118243581 0.992821430
1773930137.499260426 334.430467595 96.871937998 -2.264771369 0.007996394 0.015210146 0.118054725 0.992858394
1773930137.599261522 335.051046839 97.048464923 -2.268018900 0.007886121 0.015035787 0.117715042 0.992902263
1773930137.699253798 335.674427470 97.232220924 -2.300454157 0.007342786 0.015173226 0.117376815 0.992944379
1773930137.799253941 336.308784949 97.406278803 -2.321233584 0.007102664 0.015099876 0.117226011 0.992965059
1773930137.899233580 336.931926046 97.586788579 -2.333063607 0.006572279 0.014874017 0.116951977 0.993004433
1773930137.999230146 337.555639048 97.763395344 -2.340753502 0.006700868 0.014960623 0.116616734 0.993041699
1773930138.099205971 338.182724243 97.937250914 -2.376505340 0.006088762 0.015133028 0.116308676 0.993079156
1773930138.199198723 338.813144397 98.118476329 -2.385273347 0.006042722 0.015123729 0.116020679 0.993113267
1773930138.299007893 339.446797917 98.300723039 -2.400832270 0.005762341 0.015425961 0.115652661 0.993153209
1773930138.399016619 340.074669217 98.466478907 -2.415790863 0.005404615 0.015932443 0.115118275 0.993209308
1773930138.498997450 340.696839681 98.644059546 -2.446556750 0.004657614 0.016702457 0.114707409 0.993247978
1773930138.598998308 341.325542323 98.824014041 -2.463590910 0.004417052 0.017077793 0.114342917 0.993284721
1773930138.698974609 341.957178115 98.994323850 -2.487494381 0.004017828 0.017387522 0.113884498 0.993333706
1773930138.798950911 342.577772615 99.163868430 -2.509133798 0.003389128 0.017760441 0.113423005 0.993382254
1773930138.898921013 343.207564373 99.344423336 -2.539652817 0.002698027 0.017714074 0.113019316 0.993431209
1773930138.998914719 343.824512184 99.514648234 -2.551710007 0.002367979 0.017691985 0.112547364 0.993486023
1773930139.098928690 344.439710908 99.679588107 -2.577152801 0.001655967 0.017626234 0.112121128 0.993536827
1773930139.198929548 345.056974752 99.848502227 -2.597865302 0.001092089 0.017429908 0.111678180 0.993590957
1773930139.299076557 345.678394297 100.019635034 -2.623559591 0.001022881 0.017233089 0.111223931 0.993645415
1773930139.399083138 346.296190454 100.189262821 -2.635159684 0.000701936 0.017453375 0.110738416 0.993696075
1773930139.499082088 346.922229160 100.356708066 -2.670494697 -0.000952529 0.017504515 0.110408048 0.993731728
1773930139.599078178 347.540832282 100.521726219 -2.697802128 -0.001243267 0.017452000 0.109984181 0.993779333
1773930139.699218988 348.159440283 100.684590408 -2.715706130 -0.001244689 0.016964675 0.109707958 0.993818301
1773930139.799073458 348.769777202 100.846993842 -2.739043959 -0.001160372 0.016164954 0.109522808 0.993852153